0.000024 0.000000 0.000000 -0.000024 0.000000 1.000000
0.000024 0.000000 0.000000 0.000257 0.000000 1.000000
0.000000 0.000024 0.000000 -0.000000 -0.000024 1.000000
0.000000 0.000024 0.000000 0.000281 -0.000024 1.000000
-0.000024 0.000000 0.000000 0.000024 -0.000000 1.000000
-0.000024 0.000000 0.000000 0.000305 -0.000000 1.000000
-0.000000 -0.000024 0.000000 0.000000 0.000024 1.000000
-0.000000 -0.000024 0.000000 0.000281 0.000024 1.000000
0.000072 0.000000 0.000000 -0.000072 0.000000 1.000000
0.000072 0.000000 0.000000 0.000209 0.000000 1.000000
0.000000 0.000072 0.000000 -0.000000 -0.000072 1.000000
0.000000 0.000072 0.000000 0.000281 -0.000072 1.000000
-0.000072 0.000000 0.000000 0.000072 -0.000000 1.000000
-0.000072 0.000000 0.000000 0.000353 -0.000000 1.000000
-0.000000 -0.000072 0.000000 0.000000 0.000072 1.000000
-0.000000 -0.000072 0.000000 0.000281 0.000072 1.000000
