0.00000000000000000000 0.000000 
0.00001000000000000000 0.000000 
0.00002000000000000000 0.000000 
0.00003000000000000000 0.000000 
0.00004000000000000000 0.000000 
0.00005000000000000000 0.000000 
0.00006000000000000000 0.000000 
0.00007000000000000001 0.000000 
0.00008000000000000001 0.000000 
0.00008999999999999999 0.000000 
0.00010000000000000000 0.000000 
0.00011000000000000000 0.000000 
0.00012000000000000000 0.000000 
0.00013000000000000002 0.000000 
0.00014000000000000001 0.000000 
0.00014999999999999999 0.000000 
0.00016000000000000001 0.000000 
0.00017000000000000001 0.000000 
0.00017999999999999998 0.000000 
0.00019000000000000001 0.000000 
0.00020000000000000001 0.000000 
0.00021000000000000001 0.000000 
0.00022000000000000001 0.000000 
0.00023000000000000001 0.000000 
0.00024000000000000001 0.000000 
0.00025000000000000001 0.000000 
0.00026000000000000003 0.000000 
0.00027000000000000000 0.000000 
0.00028000000000000003 0.000000 
0.00029000000000000000 0.000000 
0.00029999999999999997 0.000000 
0.00031000000000000000 0.000000 
0.00032000000000000003 0.000000 
0.00033000000000000000 0.000000 
0.00034000000000000002 0.000000 
0.00035000000000000000 0.000000 
0.00035999999999999997 0.000000 
0.00036999999999999999 0.000000 
0.00038000000000000002 0.000000 
0.00039000000000000005 0.000000 
0.00040000000000000002 0.000000 
0.00040999999999999999 0.000000 
0.00042000000000000002 0.000000 
0.00042999999999999999 0.000000 
0.00044000000000000002 0.000000 
0.00045000000000000004 0.000000 
0.00046000000000000001 0.000000 
0.00046999999999999999 0.000000 
0.00048000000000000001 0.000000 
0.00048999999999999998 0.000000 
0.00050000000000000001 0.000000 
0.00051000000000000004 0.000000 
0.00052000000000000006 0.000000 
0.00053000000000000009 0.000000 
0.00054000000000000001 0.000000 
0.00055000000000000003 0.000000 
0.00056000000000000006 0.000000 
0.00056999999999999998 0.000000 
0.00058000000000000000 0.000000 
0.00059000000000000003 0.000000 
0.00059999999999999995 0.000000 
0.00060999999999999997 0.000000 
0.00062000000000000000 0.000000 
0.00063000000000000003 0.000000 
0.00064000000000000005 0.000000 
0.00065000000000000008 0.000000 
0.00066000000000000000 0.000000 
0.00067000000000000002 0.000000 
0.00068000000000000005 0.000000 
0.00068999999999999997 0.000000 
0.00069999999999999999 0.000000 
0.00071000000000000002 0.000000 
0.00071999999999999994 0.000000 
0.00072999999999999996 0.000000 
0.00073999999999999999 0.000000 
0.00075000000000000002 0.000000 
0.00076000000000000004 0.000000 
0.00077000000000000007 0.000000 
0.00078000000000000009 0.000000 
0.00079000000000000001 0.000000 
0.00080000000000000004 0.000000 
0.00081000000000000006 0.000000 
0.00081999999999999998 0.000000 
0.00083000000000000001 0.000000 
0.00084000000000000003 0.000000 
0.00084999999999999995 0.000000 
0.00085999999999999998 0.000000 
0.00087000000000000001 0.000000 
0.00088000000000000003 0.000000 
0.00089000000000000006 0.000000 
0.00090000000000000008 0.000000 
0.00091000000000000000 0.000000 
0.00092000000000000003 0.000000 
0.00093000000000000005 0.000000 
0.00093999999999999997 0.000000 
0.00095000000000000000 0.000000 
0.00096000000000000002 0.000000 
0.00096999999999999994 0.000000 
0.00097999999999999997 0.000000 
0.00098999999999999999 0.000000 
